4294967279,373
4294967278,571
4294967279,372
4294967278,570
4294967279,69
4294967279,68
4294967278,180
4294967279,66
4294967279,67
4294967279,65
4294967279,355
4294967279,342
4294967278,532
4294967279,309
4294967278,569
4294967279,307
4294967278,530
4294967279,305
4294967278,298
4294967279,73
4294967279,72
4294967279,71
4294967279,70
4294967278,522
4294967278,529
4294967279,302
4294967278,297
4294967279,77
4294967279,76
4294967279,75
4294967279,74
4294967279,340
4294967278,296
4294967279,301
4294967279,300
4294967279,80
4294967279,79
4294967279,78
4294967278,526
4294967278,294
4294967279,350
4294967279,81
4294967278,293
4294967279,299
4294967279,298
4294967278,525
4294967279,90
4294967279,89
4294967279,87
4294967279,86
4294967279,85
4294967279,84
4294967279,83
4294967279,82
4294967279,339
4294967278,524
4294967279,338
4294967278,523
4294967279,371
4294967278,292
4294967279,297
4294967278,291
4294967279,101
4294967279,100
4294967279,99
4294967279,98
4294967279,97
4294967279,96
4294967279,95
4294967279,94
4294967279,93
4294967279,92
4294967279,91
4294967279,370
4294967278,567
4294967279,336
4294967278,566
4294967279,337
31,5
31,4
31,6
4294967278,521
4294967278,290
4294967279,294
4294967278,520
4294967279,138
4294967278,137
4294967278,289
4294967279,276
4294967279,291
4294967278,273
4294967278,270
4294967279,273
4294967279,272
4294967278,286
4294967279,334
4294967279,333
4294967278,329
4294967279,105
4294967279,104
4294967279,103
4294967279,102
4294967279,287
4294967278,564
4294967279,268
4294967278,519
4294967279,283
4294967278,279
4294967279,285
4294967279,116
4294967279,115
4294967279,114
4294967279,113
4294967279,112
4294967279,111
4294967279,110
4294967279,109
4294967279,108
4294967279,107
4294967279,106
4294967278,562
4294967294,1426
4294967294,388
4294967279,262
4294967279,282
4294967278,257
41,7
4294967294,387
4294967278,518
4294967278,560
4294967278,516
4294967294,1
4294967294,1425
4294967278,515
4294967279,366
4294967279,326
4294967278,253
41,6
4294967278,318
41,5
41,4
41,3
41,2
41,1
4294967278,317
4294967278,316
4294967278,251
4294967279,249
4294967279,296
4294967278,249
4294967279,248
4294967279,246
4294967279,247
4294967278,244
4294967278,245
4294967279,244
4294967278,242
4294967278,240
4294967279,240
4294967278,238
4294967279,238
4294967278,237
4294967278,557
4294967278,234
4294967279,234
4294967278,232
4294967279,232
4294967278,230
4294967294,394
4294967294,24
4294967279,230
4294967279,120
4294967279,119
4294967279,118
4294967279,117
4294967278,229
4294967278,226
4294967278,223
4294967278,221
4294967278,219
4294967279,124
4294967279,123
4294967279,122
4294967279,121
4294967278,215
4294967279,126
4294967279,125
4294967278,556
4294967279,364
4294967278,4
4294967279,132
4294967279,131
4294967279,130
4294967279,129
4294967279,128
4294967279,127
4294967278,555
4294967278,314
4294967278,209
4294967278,554
4294967279,209
4294967278,312
4294967279,208
3,5
4294967278,553
4294967279,362
4294967278,552
4294967278,311
4294967278,548
4294967278,551
4294967279,361
4294967278,201
4294967278,8
4294967278,7
4294967278,6
4294967278,5
4294967279,316
4294967278,308
4294967278,307
4294967279,360
4294967278,535
4294967279,198
4294967279,197
4294967278,14
4294967278,13
4294967278,12
4294967278,11
4294967278,9
4294967278,533
4294967278,550
4294967278,192
4294967279,192
4294967279,358
4294967278,10
4294967279,389
4294967279,312
4294967278,22
4294967278,21
4294967278,20
4294967278,19
4294967278,18
4294967278,17
4294967278,16
4294967278,15
4294967279,357
4294967279,356
4294967278,301
4294967278,54
4294967278,53
4294967278,52
4294967278,51
4294967278,46
4294967278,44
4294967278,43
4294967278,42
4294967278,41
4294967278,39
4294967278,38
4294967278,37
4294967278,36
4294967278,35
4294967278,34
4294967278,33
4294967278,32
4294967278,31
4294967278,30
4294967278,29
4294967278,28
4294967278,27
4294967278,26
4294967278,25
4294967278,24
4294967278,23
4294967279,64
4294967279,55
4294967279,54
4294967279,53
4294967279,51
4294967279,44
4294967279,43
4294967279,42
4294967279,41
4294967279,39
4294967279,38
4294967279,36
4294967279,34
4294967279,32
4294967279,31
4294967279,30
4294967279,29
4294967279,28
4294967279,27
4294967279,25
4294967279,24
4294967279,23
4294967279,22
4294967279,311
4294967278,328
4294967279,310
4294967278,547
4294967278,177
4294967278,310
4294967279,63
4294967279,62
4294967278,173
38,7
4294967278,50
4294967278,299
4294967279,308
4294967278,170
4294967278,531
4294967279,341
4294967278,169
4294967279,170
4294967294,392
4294967294,425
4294967278,168
4294967279,56
4294967279,306
4294967279,166
38,6
38,5
38,4
38,3
38,2
38,1
4294967294,1419
4294967294,437
4294967294,128
4294967294,186
4294967294,1018
4294967294,429
4294967278,327
4294967278,49
4294967278,40
4294967279,354
4294967278,48
3,3
4294967279,48
4294967279,161
4294967279,353
4294967278,47
4294967279,160
4294967294,38
4294967294,37
